City,Latitude,Longitude,Max Temp,Humidity,Cloudiness,Wind Speed,Country,Date
new norfolk,-42.7826,147.0587,18.14,38,94,0.89,AU,1643788104
saldanha,-33.0117,17.9442,19.03,87,100,6.4,ZA,1643788104
nanguneri,8.4933,77.6581,31.56,43,4,4.11,IN,1643788104
talnakh,69.4865,88.3972,-18.22,96,98,3.12,RU,1643788059
rikitea,-23.1203,-134.9692,25.74,67,100,0.91,PF,1643788105
saint-philippe,-21.3585,55.7679,30.75,94,100,11.4,RE,1643788105
anloga,5.7947,0.8973,23.12,72,72,2.58,GH,1643788105
adrar,20.5022,-10.0711,18.36,22,26,5.32,MR,1643788105
port elizabeth,-33.918,25.5701,31.16,58,0,1.03,ZA,1643787981
port alfred,-33.5906,26.891,30.81,55,95,1.97,ZA,1643788106
margate,51.3813,1.3862,9.86,81,100,3.13,GB,1643788106
viransehir,37.2353,39.7631,6.87,71,100,4.39,TR,1643788106
saint george,37.1041,-113.5841,2.57,30,0,1.34,US,1643788107
cape town,-33.9258,18.4232,22.83,82,75,2.24,ZA,1643787937
provideniya,64.3833,-173.3,-12.32,60,0,9.38,RU,1643788107
chokurdakh,70.6333,147.9167,-19.69,92,100,1.16,RU,1643788107
rochegda,62.8,43.25,-6.46,96,100,1.19,RU,1643788107
tocopilla,-22.092,-70.1979,19.86,68,3,3.22,CL,1643788108
finschhafen,-6.6024,147.8681,24.74,90,100,0.88,PG,1643788108
grand gaube,-20.0064,57.6608,28.22,80,100,7.6,MU,1643788108
ushuaia,-54.8,-68.3,5.81,70,40,13.89,AR,1643788108
supata,5.061,-74.2372,14.85,92,85,1.64,CO,1643788108
talara,-4.5772,-81.2719,22.27,75,6,4.27,PE,1643788108
hobart,-42.8794,147.3294,18.34,50,40,3.6,AU,1643787822
angoche,-16.2325,39.9086,29.04,67,45,3.26,MZ,1643788109
kirillov,59.863,38.3813,-7.04,95,100,2.05,RU,1643788109
butaritari,3.0707,172.7902,27.44,80,24,6.17,KI,1643788109
oromocto,45.8351,-66.4792,-23.04,84,75,1.03,CA,1643788109
airai,-8.9266,125.4092,21.99,62,48,1.85,TL,1643788110
madarounfa,13.3087,7.156,15.13,13,20,4.61,NE,1643788110
punta arenas,-53.15,-70.9167,6.06,75,75,5.66,CL,1643788110
mabaruma,8.2,-59.7833,21.2,98,37,0.82,GY,1643788110
ponta do sol,32.6667,-17.1,20.62,32,100,3.59,PT,1643788110
terrace,54.5163,-128.6035,-3.1,86,100,1.03,CA,1643788110
chuy,-33.6971,-53.4616,15.99,84,4,2.44,UY,1643788110
mehamn,71.0357,27.8492,-5.9,85,89,3.22,NO,1643788111
hithadhoo,-0.6,73.0833,28.27,69,44,4.04,MV,1643788111
souillac,-20.5167,57.5167,28.21,89,75,12.35,MU,1643788111
dikson,73.5069,80.5464,-17.45,94,99,6.86,RU,1643788111
isangel,-19.55,169.2667,25.67,88,100,1.58,VU,1643788111
tutoia,-2.7619,-42.2744,25.43,86,97,4.88,BR,1643788112
thinadhoo,0.5333,72.9333,28.48,70,46,4.77,MV,1643788112
vila velha,-20.3297,-40.2925,22.97,97,100,1.03,BR,1643788112
busselton,-33.65,115.3333,32.25,28,0,2.01,AU,1643788020
chulman,56.8479,124.9104,-22.94,95,100,3.25,RU,1643788112
mataura,-46.1927,168.8643,22.15,74,98,1.58,NZ,1643788113
rosarito,32.3333,-117.0333,12.29,73,11,2.15,MX,1643788113
bluff,-46.6,168.3333,16.73,94,60,6.06,NZ,1643788113
atuona,-9.8,-139.0333,25.9,77,13,8.84,PF,1643788113
bambous virieux,-20.3428,57.7575,28.14,89,75,12.35,MU,1643788113
barrow,71.2906,-156.7887,-27.99,69,0,3.09,US,1643788114
qaanaaq,77.484,-69.3632,-30.74,61,75,4.01,GL,1643788114
narsaq,60.9167,-46.05,-13.88,80,4,2.63,GL,1643788114
kapaa,22.0752,-159.319,23.18,78,20,5.66,US,1643788114
mindelo,16.8901,-24.9804,19.75,88,40,2.06,CV,1643788114
aykhal,66.0,111.5,-28.96,100,8,1.24,RU,1643788115
vaini,-21.2,-175.2,27.09,83,20,2.06,TO,1643788115
puerto ayora,-0.7393,-90.3518,23.08,97,87,2.24,EC,1643788115
seoul,37.5683,126.9778,0.66,36,0,4.12,KR,1643787760
kavaratti,10.5669,72.642,27.09,66,0,3.87,IN,1643788116
khatanga,71.9667,102.5,-39.05,98,71,0.66,RU,1643788116
santa maria da vitoria,-13.3947,-44.1886,20.78,96,69,0.65,BR,1643788116
guerrero negro,27.9769,-114.0611,15.16,69,97,5.96,MX,1643788116
tuktoyaktuk,69.4541,-133.0374,-35.23,100,42,1.93,CA,1643788116
lebu,-37.6167,-73.65,13.7,95,23,3.07,CL,1643788117
castro,-24.7911,-50.0119,17.43,96,98,2.88,BR,1643788117
bredasdorp,-34.5322,20.0403,25.16,78,0,1.03,ZA,1643788117
itarema,-2.9248,-39.9167,24.44,89,100,4.37,BR,1643788117
coahuayana,18.7333,-103.6833,18.69,66,0,1.6,MX,1643788117
dingle,10.9995,122.6711,27.83,72,68,5.69,PH,1643788117
karratha,-20.7377,116.8463,30.8,64,35,8.57,AU,1643788118
lucea,18.451,-78.1736,22.92,79,3,4.23,JM,1643788118
manado,1.487,124.8455,27.43,78,40,2.57,ID,1643787971
damietta,31.4165,31.8133,13.94,50,100,4.03,EG,1643787930
tasiilaq,65.6145,-37.6368,-10.91,89,100,3.07,GL,1643788118
ilulissat,69.2167,-51.1,-15.99,60,100,8.75,GL,1643788118
baturaja,-4.1333,104.1667,30.19,62,65,1.15,ID,1643788119
leningradskiy,69.3833,178.4167,-25.61,97,55,4.12,RU,1643788119
nampula,-15.1165,39.2666,25.97,73,75,3.09,MZ,1643787987
husavik,66.0449,-17.3389,-15.05,83,33,4.05,IS,1643788119
havelock,34.8791,-76.9013,3.97,93,5,0.89,US,1643788119
mar del plata,-38.0023,-57.5575,19.49,94,100,1.03,AR,1643788120
kieta,-6.2167,155.6333,27.33,81,83,5.13,PG,1643788120
kaitangata,-46.2817,169.8464,22.18,83,100,1.08,NZ,1643788120
roald,62.5833,6.1333,2.17,75,75,6.69,NO,1643788120
rabo de peixe,37.8,-25.5833,12.93,95,20,3.6,PT,1643788120
korla,41.7597,86.1469,-0.72,39,0,0.76,CN,1643788120
luderitz,-26.6481,15.1594,20.16,79,88,4.09,NA,1643788121
saskylakh,71.9167,114.0833,-33.52,100,43,0.92,RU,1643788121
qasigiannguit,68.8193,-51.1922,-15.86,97,99,2.79,GL,1643788121
namatanai,-3.6667,152.4333,26.16,81,100,3.64,PG,1643788121
clyde river,70.4692,-68.5914,-31.87,75,100,1.03,CA,1643788121
ilheus,-14.7889,-39.0494,23.15,90,27,1.1,BR,1643788122
severo-kurilsk,50.6789,156.125,-4.37,82,54,2.24,RU,1643788122
pathein,16.7833,94.7333,30.45,23,78,5.62,MM,1643787965
fortuna,40.5982,-124.1573,7.77,82,0,0.89,US,1643788122
abnub,27.2696,31.1511,14.12,34,3,2.06,EG,1643788123
katsuura,35.1333,140.3,9.5,39,100,2.2,JP,1643787991
banda aceh,5.5577,95.3222,28.96,66,44,2.94,ID,1643787933
jamestown,42.097,-79.2353,2.06,49,0,1.79,US,1643788123
esperance,-33.8667,121.9,24.91,55,0,11.84,AU,1643788123
muisne,0.6,-80.0333,23.74,89,78,0.55,EC,1643788124
zhigansk,66.7697,123.3711,-27.23,96,100,3.33,RU,1643788124
marsa matruh,31.3525,27.2453,12.11,54,0,7.2,EG,1643788124
georgetown,5.4112,100.3354,32.96,72,20,3.58,MY,1643787882
dongying,37.4564,118.4856,3.69,17,3,1.41,CN,1643787719
sinnamary,5.3833,-52.95,24.93,85,100,4.45,GF,1643788124
avarua,-21.2078,-159.775,26.03,83,20,5.14,CK,1643788125
nikolskoye,59.7035,30.7861,-5.06,97,96,0.73,RU,1643788125
homer,59.6425,-151.5483,-1.06,86,100,1.54,US,1643788125
kaseda,31.4167,130.3167,7.57,64,100,3.83,JP,1643788126
salalah,17.0151,54.0924,27.05,41,0,2.57,OM,1643788126
de-kastri,51.4667,140.7833,-15.99,92,84,3.96,RU,1643787879
ust-nera,64.5667,143.2,-23.89,100,100,0.39,RU,1643788126
marsh harbour,26.5412,-77.0636,20.5,56,100,6.87,BS,1643788126
labuhan,-6.8844,112.2051,29.57,68,15,5.38,ID,1643788126
central point,42.376,-122.9164,2.72,79,100,0.45,US,1643788127
thompson,55.7435,-97.8558,-32.91,68,0,6.17,CA,1643788127
kuusamo,65.9667,29.1833,-11.98,92,100,2.57,FI,1643788127
joshimath,30.5667,79.5667,12.81,37,2,3.26,IN,1643788127
suleja,9.1758,7.1808,16.55,14,4,1.05,NG,1643788128
arraial do cabo,-22.9661,-42.0278,23.77,89,100,3.28,BR,1643788128
kodiak,57.79,-152.4072,2.73,87,100,3.09,US,1643788128
albany,42.6001,-73.9662,-0.68,74,100,1.92,US,1643788128
newport,51.5877,-2.9984,9.92,86,28,0.89,GB,1643788128
tiksi,71.6872,128.8694,-20.95,99,100,3.69,RU,1643788128
kahului,20.8947,-156.47,22.01,76,20,6.17,US,1643788129
kavieng,-2.5744,150.7967,27.36,76,97,4.41,PG,1643788129
hambantota,6.1241,81.1185,31.19,58,40,1.54,LK,1643788129
meulaboh,4.1363,96.1285,29.55,62,42,3.11,ID,1643788129
rovaniemi,66.5,25.7167,-12.33,85,100,4.12,FI,1643788129
sitka,57.0531,-135.33,1.94,75,100,10.8,US,1643788130
el limon,10.3059,-67.6321,20.36,86,31,1.13,VE,1643788130
kimbe,-5.5502,150.1429,25.45,86,92,2.3,PG,1643788130
zhuhai,22.2769,113.5678,17.77,88,40,7.72,CN,1643787730
novaya ladoga,60.1025,32.3019,-9.83,94,100,0.44,RU,1643788130
inirida,3.8653,-67.9239,23.21,69,69,0.03,CO,1643788130
pisco,-13.7,-76.2167,20.03,83,100,1.54,PE,1643788131
zhangye,38.9342,100.4517,2.95,17,3,1.39,CN,1643788131
chanika,-5.4167,38.0167,27.29,67,97,0.65,TZ,1643788131
east london,-33.0153,27.9116,31.52,58,0,1.03,ZA,1643787987
marzuq,14.4,46.4667,24.44,35,100,4.31,YE,1643788131
bethel,41.3712,-73.414,0.27,79,75,0.0,US,1643788132
nchelenge,-9.3451,28.734,22.66,78,96,1.73,ZM,1643788132
vardo,70.3705,31.1107,-1.01,69,75,5.14,NO,1643788132
chapais,49.7834,-74.8492,-3.12,92,100,7.22,CA,1643788132
leeton,-34.5667,146.4,25.03,29,0,6.17,AU,1643788132
college,64.8569,-147.8028,-33.03,68,0,0.0,US,1643788133
asau,46.4333,26.4,1.33,73,100,2.82,RO,1643788133
oranjemund,-28.55,16.4333,20.97,77,72,5.78,NA,1643788133
fort nelson,58.8053,-122.7002,-33.23,75,0,0.0,CA,1643788133
maceio,-9.6658,-35.7353,24.69,88,0,2.06,BR,1643788133
yellowknife,62.456,-114.3525,-34.69,75,0,3.6,CA,1643788133
saint-augustin,51.226,-58.6502,-29.57,94,78,1.73,CA,1643788134
yeniseysk,58.4497,92.1703,-7.72,92,100,2.63,RU,1643788134
padang,-0.9492,100.3543,30.03,58,55,3.65,ID,1643788134
hobyo,5.3505,48.5268,27.82,64,99,8.75,SO,1643788134
gold coast,-28.0,153.4333,26.82,95,100,0.45,AU,1643788134
haines junction,60.7522,-137.5108,-25.03,77,100,0.0,CA,1643788135
nador,35.174,-2.9287,9.14,81,0,1.03,MA,1643788135
beringovskiy,63.05,179.3167,-19.15,88,73,7.21,RU,1643788135
hilo,19.7297,-155.09,20.85,87,20,2.06,US,1643788135
mount gambier,-37.8333,140.7667,17.95,45,75,7.72,AU,1643788135
yerbogachen,61.2767,108.0108,-21.24,95,99,0.93,RU,1643788135
bengkulu,-3.8004,102.2655,26.71,73,99,1.43,ID,1643787897
yangshan,28.7615,115.0287,1.65,95,100,0.92,CN,1643788136
piacabucu,-10.4056,-36.4344,24.99,82,57,3.26,BR,1643788136
mamakan,57.8161,114.0028,-18.08,96,100,0.71,RU,1643788136
petropavlovsk-kamchatskiy,53.0452,158.6483,-0.67,74,40,4.0,RU,1643788136
bilma,18.6853,12.9164,15.88,18,0,3.07,NE,1643788136
strezhevoy,60.7333,77.5889,-15.01,95,95,1.28,RU,1643787854
cayenne,4.9333,-52.3333,24.49,93,40,0.51,GF,1643788137
atasu,48.6814,71.6433,-6.76,80,100,2.62,KZ,1643788137
gizo,-8.103,156.8419,28.12,78,100,6.34,SB,1643788137
ostrovnoy,68.0531,39.5131,-5.89,90,100,5.05,RU,1643788137
ribeira grande,38.5167,-28.7,14.22,72,20,4.12,PT,1643788137
baykit,61.67,96.37,-14.92,97,94,0.89,RU,1643788138
lagoa,39.05,-27.9833,14.39,71,3,3.03,PT,1643788138
aviles,43.5547,-5.9248,9.29,86,0,0.89,ES,1643788138
colac,-38.3333,143.5833,16.46,55,89,4.22,AU,1643788138
skorodnoye,51.071,37.2276,-4.06,95,100,2.48,RU,1643788139
sanford,28.8006,-81.2731,15.51,77,20,0.0,US,1643788139
coquimbo,-29.9533,-71.3436,16.85,88,100,1.03,CL,1643788139
port lincoln,-34.7333,135.8667,17.78,60,8,8.89,AU,1643788139
torbay,47.6666,-52.7314,-6.35,82,75,5.14,CA,1643788139
victoria,22.2855,114.1577,17.92,87,100,1.79,HK,1643787862
puerto escondido,15.85,-97.0667,22.85,80,0,2.49,MX,1643788140
hofn,64.2539,-15.2082,-3.26,69,8,3.13,IS,1643788140
ahipara,-35.1667,173.1667,20.64,89,100,5.47,NZ,1643788140
constitucion,-35.3333,-72.4167,12.9,91,6,2.01,CL,1643788140
sovetskiy,61.3614,63.5842,-5.75,95,100,3.17,RU,1643788141
iqaluit,63.7506,-68.5145,-18.15,78,100,9.77,CA,1643788141
muros,42.7762,-9.0603,11.28,72,0,3.43,ES,1643788141
hermanus,-34.4187,19.2345,25.45,74,1,6.09,ZA,1643788141
gravdal,68.1214,13.5031,-1.18,65,100,4.89,NO,1643788141
vanimo,-2.6741,141.3028,25.96,85,100,1.33,PG,1643788142
upernavik,72.7868,-56.1549,-23.93,69,100,1.8,GL,1643788142
kununurra,-15.7667,128.7333,30.99,66,100,3.09,AU,1643788142
quezon,7.7303,125.0989,27.81,62,97,3.47,PH,1643788142
la ronge,55.1001,-105.2842,-28.86,57,0,5.14,CA,1643788142
kruisfontein,-34.0033,24.7314,28.82,35,100,3.13,ZA,1643788142
gbarnga,6.9956,-9.4722,18.96,62,100,0.58,LR,1643788143
rantepao,-2.9701,119.8978,24.36,86,100,0.58,ID,1643788143
geraldton,-28.7667,114.6,42.23,13,0,6.69,AU,1643788016
goderich,43.7501,-81.7165,3.28,87,100,5.66,CA,1643788143
novaci,45.1833,23.6667,0.5,57,84,0.79,RO,1643788143
guanare,9.0418,-69.7421,25.01,57,1,1.54,VE,1643788144
fez,34.0372,-4.9998,4.14,48,0,1.54,MA,1643788144
gora,51.6664,16.5349,4.54,95,100,9.9,PL,1643787922
devils lake,48.1128,-98.8651,-24.01,78,0,4.02,US,1643788144
poum,-20.2333,164.0167,27.0,75,3,6.9,NC,1643788144
longyearbyen,78.2186,15.6401,-7.09,79,75,6.17,SJ,1643788145
cockburn town,21.4612,-71.1419,23.67,77,100,8.75,TC,1643788145
bac lieu,9.285,105.7244,29.55,59,5,8.58,VN,1643787903
tynda,55.1667,124.7167,-22.04,87,33,1.93,RU,1643788145
carlagan,14.975,122.0456,25.85,71,89,7.33,PH,1643788146
balkanabat,39.5108,54.3671,11.39,51,26,1.85,TM,1643788146
nuuk,64.1835,-51.7216,-13.66,78,75,1.54,GL,1643788146
pingyi,35.5006,117.6308,4.91,23,50,1.08,CN,1643788146
qaqortoq,60.7167,-46.0333,-13.72,75,2,3.97,GL,1643788146
xuddur,4.1213,43.8894,29.58,41,100,9.67,SO,1643788147
benguela,-12.5763,13.4055,25.67,65,11,1.34,AO,1643788147
perbaungan,3.5679,98.956,30.06,61,100,3.43,ID,1643788147
kotka,60.4664,26.9458,-6.41,94,100,2.45,FI,1643788147
ancud,-41.8697,-73.8203,15.13,95,100,1.62,CL,1643788147
maturin,9.75,-63.1767,20.13,98,15,1.68,VE,1643788147
lander,42.833,-108.7307,-10.55,62,0,3.09,US,1643788148
teahupoo,-17.8333,-149.2667,23.98,79,38,8.11,PF,1643788148
izumo,35.3667,132.7667,7.97,61,75,8.23,JP,1643787866
mangrol,21.1167,70.1167,26.28,49,95,4.3,IN,1643788148
gazanjyk,39.2446,55.5154,12.59,36,9,1.37,TM,1643788148
sangar,63.9242,127.4739,-31.28,98,100,0.42,RU,1643788148
luwuk,-0.9516,122.7875,28.59,68,100,0.85,ID,1643788149
chara,56.9064,118.2631,-27.2,93,21,0.63,RU,1643788149
marawi,7.9986,124.2928,23.69,72,75,3.06,PH,1643788149
fort saint james,54.4333,-124.25,-21.79,97,100,1.01,CA,1643788149
tuatapere,-46.1333,167.6833,18.89,93,99,1.29,NZ,1643788149
vestmannaeyjar,63.4427,-20.2734,2.66,64,100,5.03,IS,1643788150
lompoc,34.6391,-120.4579,11.18,55,0,3.09,US,1643788150
isabela,6.7085,121.9711,31.03,66,36,3.28,PH,1643788150
saint-pierre,-21.3393,55.4781,30.8,89,100,19.03,RE,1643788150
cabo san lucas,22.8909,-109.9124,19.73,75,0,4.47,MX,1643788150
erzin,36.9559,36.2,10.29,68,75,1.95,TR,1643788151
atherton,53.5237,-2.4935,10.2,89,100,3.58,GB,1643788151
san andres,12.5847,-81.7006,26.01,78,20,4.63,CO,1643788151
ilhabela,-23.7781,-45.3581,23.16,91,97,1.09,BR,1643788151
norman wells,65.282,-126.8329,-35.98,68,40,1.03,CA,1643788151
flinders,-34.5833,150.8552,19.54,79,100,4.02,AU,1643788152
narwana,29.6167,76.1167,20.41,34,97,1.28,IN,1643788152
aitape,-3.1374,142.3475,25.61,84,100,0.6,PG,1643788152
krasnorechenskiy,44.6265,135.3532,-14.86,88,77,4.65,RU,1643788152
chabahar,25.2919,60.643,25.55,43,0,3.95,IR,1643788152
kamiiso,41.8167,140.65,-1.79,74,40,7.2,JP,1643788153
diplo,24.4667,69.584,29.98,25,0,8.31,PK,1643788153
rtyne v podkrkonosi,50.5052,16.0719,4.03,97,100,5.84,CZ,1643788153
agadez,19.75,10.25,14.69,18,0,2.63,NE,1643788153
tangzhai,34.4328,116.5911,6.41,26,100,0.57,CN,1643788153
laguna,38.421,-121.4238,12.05,41,0,1.79,US,1643788153
kostomuksha,64.571,30.5767,-12.6,95,98,3.06,RU,1643788154
mumford,5.2618,-0.759,25.71,82,80,2.39,GH,1643788154
carnarvon,-24.8667,113.6333,30.04,62,100,7.72,AU,1643787863
myre,69.1036,15.9492,-5.03,61,98,7.34,NO,1643788154
whyalla,-33.0333,137.5833,21.94,43,0,10.29,AU,1643787903
shizunai,42.3339,142.3669,-2.26,82,100,5.08,JP,1643788028
celestun,20.8667,-90.4,21.93,80,13,5.07,MX,1643788155
avera,33.194,-82.5271,7.93,80,32,3.97,US,1643788155
novomykolayivka,47.9781,35.9102,1.14,100,100,1.59,UA,1643788155
asvanyraro,47.8273,17.4942,6.29,84,15,8.05,HU,1643788155
faanui,-16.4833,-151.75,27.14,77,8,9.18,PF,1643788155
puerto wilches,7.3483,-73.896,21.51,94,8,0.46,CO,1643788155
lata,40.1629,-8.3327,12.06,81,0,2.1,PT,1643788156
shelburne,44.0787,-80.2041,2.42,84,100,5.51,CA,1643788156
robertson,36.5167,-86.8667,11.98,62,100,5.66,US,1643788156
tiarei,-17.5333,-149.3333,27.01,77,17,8.49,PF,1643788156
fare,-16.7,-151.0167,27.18,76,4,8.74,PF,1643788156
hamilton,39.1834,-84.5333,10.35,57,100,0.45,US,1643788156
fonte boa,-2.4959,-66.2662,22.94,97,99,0.83,BR,1643788157
rawson,-43.3002,-65.1023,20.44,41,96,5.85,AR,1643788157
klaksvik,62.2266,-6.589,-0.49,95,100,2.35,FO,1643788157
lasa,46.6166,10.7002,3.7,95,100,3.7,IT,1643788157
harer,9.3094,42.1258,22.1,31,56,5.15,ET,1643788158
beloha,-25.1667,45.05,33.16,30,0,5.43,MG,1643788158
aquiraz,-3.9014,-38.3911,27.05,85,77,2.93,BR,1643788158
san quintin,30.4833,-115.95,14.5,67,100,3.18,MX,1643788158
bataipora,-22.2953,-53.2711,21.11,96,100,1.86,BR,1643788158
takoradi,4.8845,-1.7554,26.14,80,71,1.8,GH,1643788158
chunskiy,56.0815,99.6342,-11.32,84,27,0.22,RU,1643788159
veraval,20.9,70.3667,26.62,47,100,4.31,IN,1643787873
solok,-0.7918,100.6593,27.53,50,62,0.92,ID,1643788159
salym,60.0625,71.4789,-7.29,90,60,3.64,RU,1643788159
kendari,-3.945,122.4989,29.54,67,81,3.37,ID,1643788159
quelimane,-17.8786,36.8883,27.97,83,75,1.34,MZ,1643788159
vryburg,-26.9566,24.7284,26.91,47,4,7.71,ZA,1643788160
keningau,5.3378,116.1602,29.25,64,75,0.83,MY,1643788160
atakpame,7.5333,1.1333,23.66,15,64,2.2,TG,1643788160
el alto,-4.2714,-81.2147,21.23,74,8,4.36,PE,1643788160
necochea,-38.5473,-58.7368,15.02,76,100,2.14,AR,1643788160
batagay,67.6333,134.6333,-30.29,99,100,1.07,RU,1643788160
moba,33.2288,105.0179,0.49,45,97,1.26,CN,1643788161
dudinka,69.4058,86.1778,-17.99,96,94,3.39,RU,1643788161
aurich,53.4667,7.4833,6.63,79,75,6.69,DE,1643788125
bambanglipuro,-7.95,110.2833,29.11,70,47,2.77,ID,1643787936
baghmara,23.795,86.2085,25.46,28,0,1.77,IN,1643788161
sinegorye,62.0788,150.477,-25.62,100,100,0.44,RU,1643788161
ambovombe,-25.1667,46.0833,29.31,55,0,7.35,MG,1643788162
naze,28.3667,129.4833,13.51,81,100,7.07,JP,1643788162
belyy yar,53.6039,91.3903,-18.06,78,86,0.0,RU,1643788162
bowen,-20.0167,148.2333,31.12,75,100,4.28,AU,1643788162
bud,39.447,-86.1758,10.39,66,100,4.21,US,1643788162
broken hill,-31.95,141.4333,23.84,25,0,9.77,AU,1643788162
cidreira,-30.1811,-50.2056,22.51,87,3,5.97,BR,1643788162
sao felix do xingu,-6.6447,-51.995,20.84,99,100,0.12,BR,1643788163
zyryanka,65.75,150.85,-27.79,98,99,2.28,RU,1643788163
jever,53.5833,7.9,6.02,75,75,6.69,DE,1643788163
hennigsdorf,52.636,13.2042,6.17,83,99,0.89,DE,1643788163
kutulik,53.3508,102.7839,-12.86,88,86,0.9,RU,1643788164
te anau,-45.4167,167.7167,17.76,99,100,1.03,NZ,1643788164
vila do maio,15.1333,-23.2167,25.44,83,4,7.21,CV,1643788164
cravo norte,6.3017,-70.2041,24.68,50,88,2.71,CO,1643788164
honiara,-9.4333,159.95,26.47,85,88,1.25,SB,1643788164
nanortalik,60.1432,-45.2371,-15.04,70,2,8.01,GL,1643788165
itoman,26.1247,127.6694,20.01,90,75,1.03,JP,1643788075
amapa,1.0,-52.0,20.99,100,96,0.73,BR,1643788165
codrington,-38.2667,141.9667,16.3,58,1,5.87,AU,1643788165
mahebourg,-20.4081,57.7,28.16,89,75,12.35,MU,1643788165
oktyabrskoye,43.0645,44.7417,0.08,93,44,2.0,RU,1643788165
paslek,54.0616,19.6593,1.4,94,100,4.74,PL,1643788092
kudahuvadhoo,2.6708,72.8944,28.5,74,13,5.75,MV,1643788166
almaznyy,48.0448,40.045,3.08,100,100,4.04,RU,1643788166
auki,-8.7676,160.7034,26.61,85,43,3.43,SB,1643788166
la macarena,2.1837,-73.7849,23.76,48,97,0.74,CO,1643788166
hasaki,35.7333,140.8333,9.16,28,68,6.27,JP,1643788166
tahta,26.7693,31.5021,14.06,33,19,2.15,EG,1643788167
shingu,33.7333,135.9833,9.55,46,94,3.49,JP,1643788027
bozeman,45.6796,-111.0386,-16.23,80,100,0.89,US,1643788167
walvis bay,-22.9575,14.5053,21.72,78,20,0.9,NA,1643788167
shimoda,34.6667,138.95,10.2,46,84,7.26,JP,1643788167
bay roberts,47.5999,-53.2648,-5.93,70,66,2.24,CA,1643788168
hermiston,45.8404,-119.2895,3.36,67,75,0.0,US,1643788168
touros,-5.1989,-35.4608,24.5,82,76,3.5,BR,1643788168
usak,38.5,29.4167,4.99,97,100,3.84,TR,1643788168
hvide sande,56.0045,8.1294,5.16,87,40,7.72,DK,1643788168
seminole,28.7086,-81.2081,17.78,78,20,0.0,US,1643788168
yerofey pavlovich,53.9667,121.9667,-18.65,79,24,1.46,RU,1643788169
salekhard,66.53,66.6019,-27.68,100,100,0.74,RU,1643788169
bajitpur,24.2167,90.95,26.02,29,0,2.59,BD,1643788169
omboue,-1.5746,9.2618,27.03,77,97,2.39,GA,1643788169
shaunavon,49.6501,-108.4181,-23.12,97,100,5.29,CA,1643788169
cherskiy,68.75,161.3,-13.23,62,100,2.76,RU,1643788169
pietersburg,-23.9045,29.4688,22.47,60,20,2.57,ZA,1643788170
jaisalmer,26.9147,70.9181,28.4,18,0,7.7,IN,1643788170
namibe,-15.1961,12.1522,24.01,58,100,4.67,AO,1643788170
balabac,7.9868,117.0645,28.02,77,17,7.5,PH,1643788170
sohag,26.557,31.6948,11.16,33,10,2.96,EG,1643788170
forbes,-33.3833,148.0167,27.18,25,4,3.91,AU,1643788171
ola,59.5833,151.2833,-14.35,79,100,5.74,RU,1643788171
leshan,29.5623,103.7639,8.59,70,99,0.81,CN,1643788171
comodoro rivadavia,-45.8667,-67.5,17.92,34,0,6.17,AR,1643788171
keti bandar,24.1447,67.4497,25.82,59,0,8.87,PK,1643788171
yarada,17.65,83.2667,28.18,57,20,3.6,IN,1643788171
petrovskaya,45.4314,37.955,9.27,83,100,6.71,RU,1643788172
minna,9.6139,6.5569,20.84,23,4,1.54,NG,1643788172
mount isa,-20.7333,139.5,33.87,46,40,5.66,AU,1643788033
saint-francois,46.4154,3.9054,7.69,93,100,4.12,FR,1643788172
matara,5.9485,80.5353,30.72,50,8,4.57,LK,1643788172
ponta delgada,37.7333,-25.6667,13.61,82,20,3.6,PT,1643788173
batsfjord,70.6345,29.7185,-1.0,92,75,0.51,NO,1643788173
aksu,41.1231,80.2644,1.3,30,0,1.19,CN,1643788173
lagos,6.5833,3.75,25.49,31,15,1.77,NG,1643787628
tarancon,40.0085,-3.0073,4.72,73,0,1.46,ES,1643788173
mao,39.8885,4.2658,10.31,93,40,2.57,ES,1643788173
temascalcingo,19.9167,-100.0,6.9,73,0,1.84,MX,1643788174
buraydah,26.326,43.975,12.25,37,0,3.76,SA,1643787905
dunedin,-45.8742,170.5036,22.24,70,100,2.58,NZ,1643788174
barra do garcas,-15.89,-52.2567,21.66,98,100,1.18,BR,1643788174
broome,42.2506,-75.833,-0.64,79,40,1.79,US,1643788174
port blair,11.6667,92.75,27.48,62,15,4.0,IN,1643788174
cananeia,-25.0147,-47.9267,22.96,92,99,0.87,BR,1643788116
vostok,46.4856,135.8833,-16.96,97,100,1.7,RU,1643788175
viedma,-40.8135,-62.9967,19.31,70,4,4.78,AR,1643788175
elizabeth city,36.2946,-76.2511,4.01,95,0,3.09,US,1643788175
lincoln,40.8,-96.667,-6.31,47,100,2.24,US,1643788176
hay river,60.8156,-115.7999,-30.01,69,20,3.6,CA,1643788176
mmabatho,-25.85,25.6333,23.98,64,20,8.23,ZA,1643788176
bestobe,52.4994,73.0975,-9.81,85,77,2.04,KZ,1643788176
mahina,-17.5065,-149.489,26.87,69,20,1.54,PF,1643788176
kajaani,64.2273,27.7285,-7.97,86,100,2.57,FI,1643788176
cap-aux-meules,47.3821,-61.8597,-12.99,78,84,1.03,CA,1643788177
lopandino,52.4666,34.8163,-7.67,95,62,3.8,RU,1643788177
cururupu,-1.8283,-44.8683,23.35,97,88,1.59,BR,1643788177
tateyama,34.9833,139.8667,10.15,48,100,4.77,JP,1643788177
lixourion,38.2019,20.4314,11.0,93,75,2.57,GR,1643788177
saint-joseph,-21.3667,55.6167,30.2,94,100,11.6,RE,1643788177
pattani,6.75,100.4167,33.68,41,70,3.6,TH,1643788178
sabang,5.8933,95.3214,27.83,70,13,4.19,ID,1643788178
peace river,56.2501,-117.286,-29.83,76,20,3.09,CA,1643788178
zeerust,-25.5369,26.0751,24.45,50,52,5.38,ZA,1643788178
sobolevo,54.4299,31.8996,-7.02,96,100,3.91,RU,1643788178
nome,64.5011,-165.4064,-7.96,53,0,13.89,US,1643788178
mackay,-21.15,149.2,31.49,62,100,4.63,AU,1643788178
virginia beach,36.8529,-75.978,2.23,95,20,1.54,US,1643788179
camocim,-2.9022,-40.8411,24.12,90,100,3.89,BR,1643788179
acari,-15.4311,-74.6158,21.91,84,9,1.1,PE,1643788179
alugan,12.2188,125.4808,26.12,84,31,4.59,PH,1643788179
jalu,29.0331,21.5482,12.9,61,91,4.95,LY,1643788179
zhaotong,27.3167,103.7167,0.64,73,100,3.44,CN,1643788179
loandjili,-4.7561,11.8578,27.06,89,40,2.06,CG,1643788180
adre,13.4667,22.2,23.57,17,5,2.55,TD,1643788180
staraya toropa,56.2801,31.6702,-5.73,94,99,2.46,RU,1643788180
micheweni,-4.9667,39.8333,28.3,71,100,3.97,TZ,1643788180
ciudad valles,21.9833,-99.0167,17.0,90,0,1.42,MX,1643788180
rieti,42.4072,12.8592,7.28,64,0,15.43,IT,1643788181
port hardy,50.6996,-127.4199,3.75,100,75,1.54,CA,1643788181
half moon bay,37.4636,-122.4286,13.88,43,0,6.17,US,1643788181
portland,45.5234,-122.6762,5.63,92,100,0.89,US,1643788110
khorixas,-20.3667,14.9667,21.99,33,6,1.56,NA,1643788181
lavrentiya,65.5833,-171.0,-19.05,85,1,6.69,RU,1643788181
gangapur,26.4833,76.7167,24.44,27,0,2.6,IN,1643788182
minnedosa,50.2453,-99.8436,-28.69,94,9,4.97,CA,1643788182
gladstone,-23.85,151.25,29.96,66,100,6.69,AU,1643788182
assos,37.9333,22.8333,12.08,87,100,0.44,GR,1643788182
ca mau,9.1769,105.15,32.6,44,5,6.65,VN,1643787903
punta alta,-38.8759,-62.0736,21.03,55,100,5.22,AR,1643788182
srednekolymsk,67.45,153.6833,-25.83,93,92,3.72,RU,1643788182
moose factory,51.2585,-80.6094,-1.0,80,100,11.32,CA,1643788183
vangaindrano,-23.35,47.6,28.42,58,43,3.17,MG,1643788183
sagae,38.3725,140.2725,3.34,80,75,3.6,JP,1643788183
scarborough,54.2797,-0.4044,10.3,88,100,1.85,GB,1643788183
pangnirtung,66.1451,-65.7125,-21.96,84,100,2.42,CA,1643788183
lakes entrance,-37.8811,147.981,16.76,60,43,4.66,AU,1643788184
hualmay,-11.0964,-77.6139,20.81,84,74,3.63,PE,1643788184
kloulklubed,7.0419,134.2556,28.28,77,100,7.24,PW,1643788184
oktyabrskiy,54.4815,53.471,-2.63,88,100,5.87,RU,1643787940
sibolga,1.7427,98.7792,29.06,66,99,1.5,ID,1643788185
tahoua,14.8888,5.2692,13.99,19,82,3.09,NE,1643788185
merrill,45.1805,-89.6835,-13.13,71,0,3.6,US,1643788185
san carlos de bariloche,-41.1456,-71.3082,14.86,63,0,5.14,AR,1643788185
obidos,-1.9175,-55.5181,22.34,97,91,1.47,BR,1643788185
ust-koksa,50.2696,85.6108,-9.08,90,88,0.36,RU,1643788185
borehamwood,51.6547,-0.2776,9.62,91,20,0.45,GB,1643788186
caravelas,-17.7125,-39.2481,23.72,96,81,2.23,BR,1643788186
liaoyang,41.2719,123.1731,-4.82,32,2,3.18,CN,1643788177
zachepylivka,49.1939,35.2394,-0.05,100,100,1.68,UA,1643788186
gao,16.6362,1.637,18.54,13,38,5.4,ML,1643788186
tecoanapa,16.5167,-98.75,22.5,78,4,2.17,MX,1643788187
barguzin,53.6167,109.6167,-18.91,94,99,0.79,RU,1643788187
bathsheba,13.2167,-59.5167,25.34,78,40,6.17,BB,1643788187
grants pass,42.439,-123.3284,3.38,83,100,0.89,US,1643788187
pandamatenga,-18.5278,25.627,24.73,70,8,4.78,BW,1643788187
alvaraes,-3.2208,-64.8042,22.89,98,100,1.06,BR,1643788188
puerto baquerizo moreno,-0.9,-89.6,22.79,87,28,2.12,EC,1643788188
leh,34.1667,77.5833,-11.24,70,100,0.62,IN,1643788188
harper,4.375,-7.7169,26.34,79,100,1.28,LR,1643788188
abha,18.2164,42.5053,18.9,32,0,2.57,SA,1643787937
port lavaca,28.615,-96.6261,14.03,96,0,1.54,US,1643788188
gamba,-2.65,10.0,27.34,76,75,1.79,GA,1643788189
tsurugi,36.45,136.6333,3.18,74,100,4.02,JP,1643788189
krasnoarmeysk,51.0239,45.6969,0.6,97,100,5.87,RU,1643788189
limbang,4.75,115.0,31.06,57,22,2.65,MY,1643788189
zheleznodorozhnyy,55.7503,38.0042,-3.88,94,100,3.74,RU,1643788189
ulaangom,49.9811,92.0667,-25.02,89,91,0.95,MN,1643788152
fukue,32.6881,128.8419,7.2,61,75,4.63,JP,1643787894
ngunguru,-35.6167,174.5,22.31,91,100,7.21,NZ,1643788190
la peca,-5.6111,-78.435,18.54,82,42,1.08,PE,1643788190
formosa,-26.1775,-58.1781,23.99,64,81,2.06,AR,1643788190
sambava,-14.2667,50.1667,29.98,53,97,2.75,MG,1643788190
anshun,26.25,105.9333,0.53,90,100,3.49,CN,1643788190
belem de sao francisco,-8.7539,-38.9658,24.15,68,31,4.47,BR,1643788191
maningrida,-12.0667,134.2667,28.69,74,93,5.16,AU,1643788191
huarmey,-10.0681,-78.1522,21.26,82,98,4.05,PE,1643788191
la asuncion,11.0333,-63.8628,24.85,100,0,6.17,VE,1643788191
znamenskoye,57.1281,73.8282,-7.52,91,87,3.32,RU,1643788191
porto novo,6.4965,2.6036,21.9,46,38,1.66,BJ,1643788192
vidalia,32.2177,-82.4135,9.97,71,100,4.12,US,1643788192
dukat,62.55,155.55,-28.09,100,62,1.88,RU,1643788192
luanda,-8.8368,13.2343,25.45,71,75,2.23,AO,1643788192
srandakan,-7.9386,110.2506,29.04,70,47,2.78,ID,1643788192
xinzhi,36.4989,111.7047,2.39,41,51,0.6,CN,1643788192
godalming,51.1846,-0.6173,9.03,84,21,4.12,GB,1643788193
kenai,60.5544,-151.2583,-5.48,91,100,7.72,US,1643788193
horsham,51.064,-0.3272,9.45,78,20,2.57,GB,1643788193
plouzane,48.3833,-4.6167,8.18,96,100,2.57,FR,1643788193
vao,-22.6667,167.4833,25.45,88,76,5.77,NC,1643788193
alice springs,-23.7,133.8833,20.75,100,100,6.69,AU,1643788193
humaita,-7.5061,-63.0208,22.4,99,100,0.89,BR,1643788194
olavarria,-36.8927,-60.3225,16.72,71,36,2.82,AR,1643788194
yambio,4.5721,28.3955,29.9,16,86,2.72,SS,1643788194
xinzhou,38.4092,112.7333,-0.17,19,0,0.81,CN,1643788178
ucluelet,48.9329,-125.5528,0.61,89,95,2.85,CA,1643788194
usinsk,65.9939,57.5281,-11.83,83,100,2.15,RU,1643788195
ixtapa,20.7,-105.2,18.46,85,0,1.45,MX,1643788195
wahiawa,21.5028,-158.0236,21.59,75,0,2.06,US,1643788195
ustka,54.5805,16.8619,1.08,94,100,5.15,PL,1643788195
lodja,-3.4833,23.4333,26.37,69,100,1.09,CD,1643788195
evensk,61.95,159.2333,-7.62,74,100,7.94,RU,1643788196
weymouth,42.2209,-70.9398,1.1,87,100,0.89,US,1643788196
beira,-19.8436,34.8389,30.05,70,40,2.68,MZ,1643788157
ambatofinandrahana,-20.55,46.8,23.39,51,100,1.56,MG,1643788196
guaira,-20.3183,-48.3106,19.96,98,100,1.24,BR,1643788196
maniitsoq,65.4167,-52.9,-14.15,82,100,2.17,GL,1643788197
belmonte,-15.8631,-38.8828,25.28,86,29,2.05,BR,1643788197
sheridan,44.8333,-106.9173,-11.3,68,100,2.68,US,1643788197
oistins,13.0667,-59.5333,25.05,78,40,6.17,BB,1643788197
caraquet,47.7941,-64.9386,-13.7,88,100,2.52,CA,1643788197
sioux lookout,50.1001,-91.917,-21.96,77,20,5.66,CA,1643788198
qalyub,30.1792,31.2056,16.44,44,69,4.55,EG,1643788198
komsomolskiy,40.4272,71.7189,5.68,60,100,1.03,UZ,1643788198
semiletka,55.3603,54.6153,-3.19,86,95,6.73,RU,1643788198
san patricio,28.017,-97.5169,17.72,91,5,2.95,US,1643788198
pevek,69.7008,170.3133,-21.02,76,44,1.79,RU,1643788198
zhangjiakou,40.81,114.8794,-4.19,30,0,2.67,CN,1643788199
hlukhiv,51.6782,33.9162,-7.47,95,66,3.46,UA,1643788199
copiapo,-27.3667,-70.3333,17.0,77,0,0.8,CL,1643788199
coihaique,-45.5752,-72.0662,12.97,58,0,3.6,CL,1643788199
santa maria,-29.6842,-53.8069,18.35,81,0,1.99,BR,1643788199
henties bay,-22.116,14.2845,21.59,74,13,0.77,NA,1643788200
richards bay,-28.783,32.0377,30.7,55,29,5.86,ZA,1643788200
palu,-0.8917,119.8707,29.74,70,93,1.83,ID,1643788082
watsa,3.0372,29.5355,28.78,20,97,2.22,CD,1643788200
dali,25.7,100.1833,7.92,80,76,2.83,CN,1643788200
nueva guinea,11.6876,-84.4562,18.16,97,3,1.62,NI,1643788200
balikpapan,-1.2675,116.8289,30.55,66,40,2.06,ID,1643787551
fairbanks,64.8378,-147.7164,-33.02,68,0,0.0,US,1643788201
ewa beach,21.3156,-158.0072,23.38,72,20,4.47,US,1643788201
lorengau,-2.0226,147.2712,25.53,81,100,0.72,PG,1643788201
miri,4.4148,114.0089,30.08,74,40,3.6,MY,1643788099
xining,36.6167,101.7667,-4.07,44,21,0.66,CN,1643787982
cabra,37.4725,-4.4421,10.22,62,0,2.41,ES,1643788201
batticaloa,7.7102,81.6924,26.8,62,2,3.19,LK,1643788202
valley city,46.9233,-98.0032,-21.45,70,0,6.69,US,1643788202
camacha,33.0833,-16.3333,16.96,72,40,7.2,PT,1643788202
aripuana,-9.1667,-60.6333,21.81,99,100,0.73,BR,1643788202
yar-sale,66.8333,70.8333,-24.52,97,46,3.55,RU,1643788203
opuwo,-18.0607,13.84,24.87,30,68,1.57,NA,1643788203
clovis,36.8252,-119.7029,7.73,87,0,1.54,US,1643788203
pangoa,-12.1167,-73.0,19.02,88,100,1.2,PE,1643788203
ostersund,63.1792,14.6357,-10.75,92,100,0.51,SE,1643788203
cordoba,-31.4135,-64.1811,25.42,69,0,2.57,AR,1643788203
navolato,24.7672,-107.6944,10.07,88,0,1.65,MX,1643788203
maryville,35.7565,-83.9705,9.78,71,0,2.06,US,1643788204
acarau,-2.8856,-40.12,24.75,88,100,4.59,BR,1643788204
harrismith,-28.2728,29.1295,25.17,39,12,3.59,ZA,1643787982
tiznit,29.5833,-9.5,17.73,26,100,2.24,MA,1643788204
marrakesh,31.6315,-8.0083,9.04,53,6,2.06,MA,1643788205
tongliao,43.6125,122.2653,-11.93,80,1,2.17,CN,1643787989
panalingaan,8.7842,117.4231,28.95,68,100,1.64,PH,1643788205
bagdarin,54.4333,113.6,-18.42,83,12,1.48,RU,1643788205
okhotsk,59.3833,143.3,-15.91,76,100,7.24,RU,1643788205
berlevag,70.8578,29.0864,-8.11,73,0,4.12,NO,1643788205
grindavik,63.8424,-22.4338,1.26,75,75,8.75,IS,1643788206
proletarsk,46.7031,41.7192,3.66,95,100,5.42,RU,1643788206
havoysund,70.9963,24.6622,-5.87,78,42,5.32,NO,1643788206
dashitou,43.3067,128.5114,-12.99,77,77,5.72,CN,1643788206
mwinilunga,-11.7358,24.4293,21.99,73,98,2.56,ZM,1643788206
panaba,21.2833,-88.2667,18.93,95,0,3.31,MX,1643788206
barra,-11.0894,-43.1417,23.24,71,19,1.51,BR,1643788207
matamoros,25.5333,-103.25,13.37,22,0,1.29,MX,1643788207
gat,31.61,34.7642,19.32,37,2,1.92,IL,1643788207
cap malheureux,-19.9842,57.6142,28.27,81,100,7.6,MU,1643788207
port shepstone,-30.7414,30.455,27.38,76,58,7.6,ZA,1643788207
douentza,14.9951,-2.9517,19.98,11,54,2.04,ML,1643788207
inuvik,68.3499,-133.7218,-30.52,72,0,1.03,CA,1643788208
sibut,5.718,19.0739,29.81,13,36,4.19,CF,1643788208
el tigre,8.8875,-64.2454,21.39,88,17,4.96,VE,1643788208
biak,-0.9131,122.8766,27.67,65,100,0.6,ID,1643788131
dawson,31.7735,-84.4466,11.83,90,91,5.23,US,1643788208
syedove,47.0768,38.156,2.22,93,100,2.6,UA,1643788208
soledade,-28.8183,-52.5103,16.24,84,0,2.22,BR,1643788208
augusta,48.3667,10.8833,4.95,87,75,5.14,DE,1643788209
